,pageviews
2007-12-31,461
2008-01-31,857
2008-02-29,830
2008-03-31,814
2008-04-30,948
2008-05-31,968
2008-06-30,1381
2008-07-31,363
2008-08-31,864
2008-09-30,977
2008-10-31,820
2008-11-30,756
2008-12-31,896
2009-01-31,839
2009-02-28,915
2009-03-31,994
2009-04-30,1112
2009-05-31,1140
2009-06-30,1300
2009-07-31,1109
2009-08-31,1183
2009-09-30,1073
2009-10-31,1340
2009-11-30,1185
2009-12-31,1286
2010-01-31,1530
2010-02-28,1660
2010-03-31,1928
2010-04-30,2130
2010-05-31,1697
2010-06-30,1317
2010-07-31,1188
2010-08-31,1716
2010-09-30,1823
2010-10-31,1872
2010-11-30,1641
2010-12-31,1698
2011-01-31,1418
2011-02-28,1365
2011-03-31,1459
2011-04-30,1378
2011-05-31,1493
2011-06-30,1966
2011-07-31,1794
2011-08-31,1369
2011-09-30,1125
2011-10-31,1374
2011-11-30,1767
2011-12-31,1346
2012-01-31,1512
2012-02-29,1369
2012-03-31,1473
2012-04-30,1289
2012-05-31,1654
2012-06-30,1630
2012-07-31,1723
2012-08-31,1354
2012-09-30,1427
2012-10-31,1631
2012-11-30,1771
2012-12-31,1694
2013-01-31,1804
2013-02-28,1707
2013-03-31,1694
2013-04-30,1615
2013-05-31,1664
2013-06-30,1801
2013-07-31,1447
2013-08-31,1451
2013-09-30,1367
2013-10-31,1416
2013-11-30,1279
2013-12-31,1318
2014-01-31,1240
2014-02-28,1244
2014-03-31,1567
2014-04-30,1638
2014-05-31,1711
2014-06-30,1526
2014-07-31,1491
2014-08-31,1377
2014-09-30,1747
2014-10-31,1671
2014-11-30,1629
2014-12-31,1528
2015-01-31,1510
2015-02-28,1502
2015-03-31,1230
